$ 1 0.000005 10.20027730826997 50 5 43 5e-11
174 768 384 720 272 1 10000 0.9950000000000001 Resistance
t 640 320 592 320 0 1 0.6490400432986306 0.5868023901865101 100 default
r 640 320 720 320 0 1000
s 768 224 800 224 0 1 false
R 800 224 832 224 0 0 40 9 0 0 0.5
162 528 384 528 448 2 default-led 1 0 0 0.01
w 528 448 528 464 0
w 528 384 528 352 0
g 768 384 768 400 0 0
r 528 352 528 256 0 1000
g 592 304 592 288 0 0
w 528 464 592 464 0
w 592 336 592 464 0
w 528 256 528 224 0
w 528 224 768 224 0
w 768 224 768 256 0
